1.9375
2
2
2.0625
2
2
2
1.875
1.875
1.8125
1.75
1.75
1.6875
1.6875
1.75
1.75
1.8125
1.75
1.75
1.625
1.625
1.4375
1.5625
1.5
1.6875
1.75
1.75
1.8125
1.8125
1.875
1.875
1.875
1.9375
1.8125
1.8125
1.9375
1.9375
1.75
1.875
2
2.125
2.0625
2.3125
2.375
2.375
2.25
2.375
2.25
2.25
2.25
2.1875
2.125
1.9375
1.9375
1.875
1.9375
1.875
1.9375
1.9375
1.875
1.9375
1.8125
1.875
1.8125
1.875
1.8125
1.875
1.875
1.875
1.8125
1.75
1.6875
1.625
1.5
1.625
1.75
1.6875
1.75
1.625
1.625
1.75
1.625
1.5625
1.5625
1.5625
1.75
1.75
1.6875
1.8125
1.75
1.875
1.875
1.75
1.75
1.6875
1.5625
1.5625
1.6875
1.6875
1.6875
1.6875
1.625
1.6875
1.6875
1.6875
1.625
1.6875
1.625
1.5625
1.5938
1.5938
1.6875
1.6875
1.5625
1.5938
1.625
1.5625
1.6875
1.625
1.875
2
2
2
2
1.9688
1.9688
2
2
2
1.9375
1.9375
2
2.25
2.0625
2.25
2.1875
2.0625
2.25
2.25
2.1875
2.125
2.0625
1.875
1.875
1.875
1.875
1.75
1.8125
1.75
1.625
1.625
1.625
1.875
1.8125
1.875
1.875
2
2
1.75
1.75
1.6875
1.5625
1.625
1.6875
1.625
1.6875
1.625
1.5625
1.75
1.625
1.5625
1.5
1.5625
1.6875
1.875
1.8125
1.8125
1.9375
1.6875
1.6875
1.5625
1.5
1.625
1.625
1.5
1.375
1.375
1.25
1.5
1.5
1.375
1.3125
1.4375
1.375
1.5
1.25
1.125
1.375
1.3125
1.375
1.3125
1.375
1.4375
1.625
1.625
1.375
1.375
1.5
1.375
1.5
1.375
1.5
1.5
1.5
1.625
1.4375
1.625
1.5
1.5
1.4375
1.5
1.5
1.4375
1.5625
1.5
1.4375
1.4375
1.5625
1.5
1.5
1.5625
1.5
1.5
1.5
1.375
1.375
1.375
1.5
1.5625
1.5625
1.5625
1.625
1.75
2.0625
1.8125
1.8125
1.9375
1.6875
1.625
1.6875
1.875
1.75
1.75
1.8125
1.75
1.875
1.875
1.75
2
1.875
1.8125
1.8125
1.75
1.6875
1.75
1.875
1.9375
1.8125
2
2.125
2.25
2
2.0625
2.375
2.5
2.5
2.6875
2.75
2.75
2.6875
2.8125
2.8125
3
3
2.875
3.4375
3.3125
3.3125
3.25
3.5
3.4375
3.3125
3.5625
3.875
3.9375
4.0625
4.0469
3.875
4.125
3.9375
4
4.0469
3.9375
4
3.875
3.75
3.9375
4.125
4.2969
5
5.75
5.375
5.5
5.75
5.5
5.375
5.25
5.5625
5.5
5.875
5.875
6.375
6.5
6.5625
7
6.5
6.625
6.625
6.625
6.25
5.875
5.625
6
5.8125
5.375
5.125
5.0469
5.25
5.25
5.125
5.625
5.625
6.125
5.625
5.5
5.5
5.125
5.875
6
5.75
5.875
5.5
5.5
6
6.25
6.5
6.625
7
7
7
6.75
6.75
6.875
7
6.375
6
6
6.25
6.3125
6.375
6.25
6.375
6.5
5.5
5.625
5.875
5.875
5.1875
5.375
5.75
5.375
5.375
5.625
5.75
5.625
5.6875
6
5.875
5.375
5.5
5.875
5.875
5.75
5.75
5.75
5.75
5.625
5.875
5.875
5.75
5.75
5.625
5.5
5.625
5.5
5.125
5
5
5
5.25
5.5
5.25
4.875
4.875
4.875
5.5
5.625
5.75
5.875
6.125
6
6
6
5.75
5.6875
5.625
5.75
5.5
5.375
5.375
5.5
5.875
5.8125
7
6.6875
6.8125
6.25
6.25
6.875
6.375
6.125
6
6
6.125
5.875
5.75
5.625
5.5
5.875
6.0625
5.9375
6
6
6.75
6.4375
6.5
6.375
6.125
6.375
6.5
6.375
6.25
6.625
8
7.75
7.75
8.5
8.875
8.75
8.5
8.125
7.9375
8.25
7.875
7.5
5.875
6.6875
6.25
6.625
6.75
6.375
6.25
6.625
6.375
6.625
6.75
6.75
6.375
6.5
6.875
6.5
6.375
6.5
6.5
6.5
6.875
6.625
6.375
6.25
6.625
6.4375
6.375
6.25
6.3125
6.875
7.125
9.0625
9
8.875
9
9.125
10.25
10.375
9.875
9.75
9.5
9.125
9.25
8.875
8.125
8.875
8.5
8.375
8.5
8.375
8.75
8.625
8.625
8.375
8.25
8.625
8.75
8.875
8.625
8.25
8
7.75
8
7.125
6.875
7.375
7.375
7.25
7.125
7.25
7.625
8.125
7.875
7.875
7.625
7.25
7.125
6.875
7.5
7
7
7.125
7.375
7.25
7.375
7.25
7.125
7
6.875
6.625
6.625
6.75
6.625
6.75
6.625
7
6.75
6.5
6
5.875
6.125
6.125
6
5.75
5.75
5.625
5
4.875
5.25
5.5
5.5
5.125
5
5.25
5.5
5.5
5.625
5.5
5.5
4.875
5
5.125
5.125
4.75
4.75
5
4.875
4.875
5.125
4.875
5
5
5
5
4.875
4.75
5
4.875
5
5
4.875
5
4.625
4.625
4.625
4.875
4.75
4.75
4.125
4.625
4.625
4.5
4.875
5
4.75
4.875
5
5
4.875
4.625
4.5
4.375
5
5.125
5.125
5.25
5.375
5.25
5.25
5.125
5.25
5.125
5.25
5.125
5
5
4.75
5
4.75
4.75
4.75
5
4.875
4.75
4.75
4.875
5.125
4.75
4.75
4.75
4.75
4.625
4.875
4.625
4.5
4.5
4.5
4.75
4.625
4.75
4.625
4.375
4.5
4.375
4.5
4.375
4.625
4.625
4.5
4.5
4.25
4.5
4.375
4.375
4.25
4.125
4.25
4.375
4.25
4.5
4.375
4.375
4.5
4.375
4.375
4.125
4.25
4.125
4.25
4.25
4.25
4.125
4.25
4.375
4.75
4.625
4.625
4.875
4.875
4.75
4.5
4.75
4.75
4.625
4.75
4.5
4.625
4.5
5.375
5.25
5.5
5.375
5.75
5.375
5.375
5.125
5.875
5.75
5.5
5.75
6.375
6.375
6.25
5.875
5.75
6.125
6.5
6.375
6.75
6.5
6.5
6.875
6.5
6.125
6.25
6.375
6.5
6.25
6.25
6.125
6.25
6
5.875
6
6
6.125
6.125
6.125
6.125
6.375
6.75
7.125
7
6.75
6.875
6.5
6.5
6.375
6.25
6.125
6.25
6.375
5.875
6
6.125
6.125
6.125
5.875
5.875
6
5.75
5.625
5.375
5
5.125
5.375
5.75
5.5
5.25
5
4.875
4.75
5
5.125
5
5.875
6
5.875
5.625
5.625
5.5
5.625
5.5
5.75
5.625
5.625
5.625
5.25
5.375
5.25
5.375
5.25
5.625
5.5625
5.75
5.5
5.75
5.5
5.125
5
4.875
5
4.75
4.625
4.5
4.75
4.625
4.25
4.4063
4.25
4.375
5
4.625
4.5938
4.75
4.875
4.625
4.625
4.625
5
5.375
5.125
4.875
4.75
4.75
4.625
4.75
4.625
4.875
4.625
4.75
4.625
4.625
4.625
4.625
4.625
4.875
4.875
4.625
4.75
4.875
4.625
4.5
4.4375
4.375
4.375
4.5
4.625
4.75
4.5
4.5
4.5
4.625
4.25
4.375
4.125
4.25
4
4.125
4.5
4.4375
4.375
4.5
4.5
4.375
4.4375
4.25
4.375
4.375
4.25
4.25
4
4.375
4
3.875
4.125
4
3.875
4.125
4
3.875
3.875
3.875
3.875
3.75
4
3.8125
3.625
3.875
4.5
4.75
4.75
4.5
4.625
4.625
4.75
5
5
5.0469
5
5.125
4.875
4.75
4.75
4.6875
4.5
4.625
4.375
4.5
4.375
4.375
4.5
4.25
4.5
4.375
4.125
4
4.125
4.25
4.125
4.25
4.25
4
4
3.875
3.8125
3.75
4
3.75
4
3.75
3.875
4.125
4.5
4.5
4.625
4.25
4.25
4.5
4.5
4.25
4.25
4.25
4.625
4.375
4.625
4.625
4.5
4.5
4.25
4.25
4.25
4.125
4.125
4
4.0469
4
4
4
4.125
3.75
3.9375
4
4
4.25
4.25
4.125
4.25
4.5
4.375
4.25
4.125
4.1875
3.875
4.125
4
3.875
3.875
3.75
3.625
3.625
3.625
3.875
3.75
3.75
3.5
3.625
3.75
4
4
3.6875
3.875
3.625
3.625
3.5
3.625
3.75
3.875
3.75
3.75
3.625
3.25
3.2813
3.2813
3.2813
3.25
3.375
3.375
3.3125
3.375
3.375
3.5625
3.75
3.875
3.875
3.625
3.75
3.75
3.75
3.75
3.75
3.875
3.5
3.5
3.625
3.5
3.25
3.625
3.5
3.5
3.3125
3.625
3.625
3.375
3.875
3.75
3.625
3.875
3.8125
3.75
3.875
3.625
3.5
3.375
3.5
3.5
3.4688
3.375
3.5
3.375
3.125
3
3.125
3.375
3.25
3.25
3.125
3.25
3
3.25
3
3
3.125
3
2.875
3
3.0625
3.25
3.375
3.125
3.25
3.25
3.3125
3.375
3.4375
3.625
3.625
3.625
3.75
3.5
3.5625
3.375
3.5
3.5
3.375
3.375
3.625
3.625
3.625
3.5625
3.75
3.6875
3.75
3.625
3.375
3.5
3.4375
3.5
3.75
3.75
3.75
3.625
3.5
3.625
3.4375
3.25
3.5
3.25
3.4375
3.25
3.125
3
3.125
3.25
3.125
3
3
3
3.125
3
3
3
3.125
3.125
3.25
3.125
2.9375
3
3
2.875
2.875
2.5625
2.5
2.5
2.375
2.5625
2.875
2.625
2.875
2.875
2.875
2.75
2.75
2.875
3
3.25
3.3125
3.125
2.75
2.6875
2.875
2.75
2.875
3.375
3.25
3.125
3.25
3
3
3.0625
3
3.125
3.125
2.875
3.25
3.375
3.25
3.25
3.25
3.125
3.25
3.5
3.125
3.125
3
3
3.25
3
3
3
3
2.875
2.875
2.875
2.75
2.75
2.625
2.875
2.9375
2.75
2.875
2.75
3
2.9375
3.0625
3
3.25
3.375
3
3
2.9375
3.125
2.875
2.625
2.625
2.8125
2.875
2.875
3
2.75
2.75
2.75
2.7656
2.75
2.625
2.75
2.875
2.75
2.625
2.625
2.75
2.5156
2.5
2.5
2.625
2.625
2.625
2.5
2.5
2.5
2.5
2.4375
2.5
2.5
2.5
2.5
2.5
2.5
2.5
2.625
2.5
2.625
2.75
2.75
3
3
3.1875
3
3.125
3.25
3.125
2.875
3.125
3.125
3.0625
3.125
3
2.875
2.875
2.9375
2.9375
3
2.875
3
2.875
3
3
3
2.875
3.125
3.125
3.125
3.25
3.25
3
3.375
3.125
2.875
2.625
2.5
2.625
2.625
2.875
2.6875
2.625
2.625
2.75
2.625
2.625
2.6875
2.8125
2.75
2.75
2.75
2.625
2.75
2.75
2.9375
2.9375
2.875
2.9375
2.9375
3
3.0625
3.0625
3.0625
3
3.0625
3
2.9375
2.9375
3
3
3.125
2.9375
3.25
3.25
3.375
3.375
3.375
3.5
3.625
3.6875
3.625
3.75
3.8125
3.8125
3.875
4.375
4.25
4
4.1875
4.375
4.2969
4.125
4.25
4.375
4.375
4.1875
4.125
4.125
4.125
4.1875
4.1875
4.125
4.125
4.25
4
4.1875
3.75
3.6875
3.875
3.875
4.125
4
4.125
4
3.875
4.125
4.375
4.25
4.5
4.375
4.0469
4.25
4.375
4.375
4.25
4
4.25
4.25
4
4
4.125
4.125
3.875
3.75
3.875
3.75
3.75
3.875
3.75
3.75
3.75
3.5
3.75
3.625
3.5625
3.75
3.6875
3.625
3.8125
3.875
4.375
4.25
4
4
4.375
5.875
5.875
5.75
5.875
6.375
6
6.375
6.75
6.5
6.625
6.625
6.375
6.25
6.75
7
6.9531
6.375
6.5
6.5
6.75
6.5
6.25
6.25
6
5.75
5.25
4.75
5.1875
5
5.625
5.375
5.125
5.25
5.75
5.75
5.9375
5.875
5.75
5.75
6.0313
6
6
6
5.875
6
6
5.875
5.625
5.625
5.25
5.25
5.375
5.0469
5.375
5.5
5.625
5.5
5.625
5.75
5.8125
5.625
5.75
5.75
5.75
5.625
5.625
5.875
5.875
6
5.875
6
5.875
6.25
6.6875
6.625
7
7.5
7.375
7.375
7.2188
7.25
7.5
7.375
7.125
8
7.875
9.375
10.125
10
9.25
9.625
9.375
9.5
9.5
9.625
9.5
8.75
9.875
9.75
9.6875
9.125
9.125
8.875
8.75
8.625
8.75
9.5
9.375
9.375
9.6875
9.625
9.9375
10.125
10.125
10.125
9.9375
10
10
9.75
9.25
9
9
9.25
8.625
8.625
8.875
8.625
8.7656
8.5
9
8.875
8.75
9
8.75
9
9.375
9.375
9.375
9.5
9.875
9.75
9
9
9.375
9.25
9.875
9.375
9.25
9.125
9.125
9.375
9.625
9.25
9.375
9.125
9.25
9.125
9.25
9.625
9.375
9.375
9.375
9.125
9.125
9.125
9.25
9.3125
9.375
9.25
9.125
8.875
9
9
9
9.5
10
10.25
10.125
10.125
10.375
10.375
10.75
11
10.75
10.875
10.75
11.625
11.625
11.3125
10.75
10.5
11.25
11.375
11.25
12
12
11.5
11.25
11.5
11.625
12.125
11.875
11.875
11.5
11.25
11.3125
11.25
11.375
10.5
10.375
10.75
10.125
10
10
10.5
10
9.875
9.5
9.625
10
10.5
9.875
9.625
9.3125
9.125
9
9.125
8.75
8.5625
8.5
8
8.5
8.8125
9.125
9
8.625
8
8.25
8
7.75
7.75
7.5
7.625
7.875
8.3125
8.4375
8.4375
8.375
7.875
8
7.6875
8
8.375
8.75
8.875
9
9.5
9.375
9.125
8.625
8.875
8.75
8.75
8.75
8.75
8.375
8.125
8
7.875
8
8
8
8
7.75
8.5
8.9375
9.125
8.625
8.125
7.625
7.875
7.875
8.25
8.875
8.875
8.8125
8.5
8.625
8.875
8.75
8.625
8.875
8.875
9
8.875
8.625
8.375
8
8.125
7.75
7.25
7.875
8
7.75
7.25
7.25
7.125
7.125
7.1875
6.875
7
7
6.875
6.75
6.875
6.625
6.5
6.75
6.625
6.625
6.625
6.625
7.125
7.125
6.9844
7.0313
6.875
7
7.25
7.875
7.375
7.125
7
7.0938
7.125
7.375
7.5
7.625
7.25
6.875
6.875
6.25
5.75
6.625
6.5
6.25
6.375
6.375
6.375
7.125
7
6.75
7.125
7.125
7.125
7.5
7.375
6.875
7
7.375
7.375
7.375
7.25
7.625
7.625
7.8125
7.75
7.6875
7.875
7.5
7.375
7.125
7.5
7.375
7.375
7
6.875
6.875
6.75
7.1875
7.1875
7.375
7.5
7.125
7.125
6.875
6.75
7
6.875
6.625
6.625
6.875
6.625
6.375
5.875
5.875
5.9375
6
5.75
5.625
5.875
6.5
6
6
6
6.25
6.5
6.75
6.375
6.125
6
5.875
6.125
6.25
6.125
6
5.75
5.625
5.75
5.375
4.7656
4.875
5
4.75
4.8438
4.5
4.625
4.6875
5.125
5
4.75
4.75
5.125
5.125
5.25
5.25
5.125
5.375
5.375
5.5
5.625
5.6875
5.5625
6
6.125
6.25
6.125
6
6.25
6.125
6.4375
6.5
6.9375
6.875
6.625
6.875
6.9375
7.125
6.9375
6.875
6.625
6.6875
6.625
6
5.875
6
6.875
6.375
6.125
6
6.0625
5.75
5.375
5.8125
5.6875
5.6875
5.625
6
5.75
5.75
5.5
6.25
6.5
8.1875
7.75
7.375
7.25
7.5
7.5
7.875
8
7.625
7.1875
7.25
8
7.625
8.125
8
8.25
8.5
8.25
8.3125
9
8.9375
8.375
8.875
9.0625
8.75
8.875
8.4375
8.75
8.625
8.75
8.5
8.3125
8.125
8.375
8.25
8.25
8.5
8.5156
11.75
11
10.25
10.9375
11.125
11.25
11.4375
11
11
11.125
10.6875
10.375
10.125
11.375
11.1875
10.875
10.875
10.625
10.875
10.875
10.875
11.5
11.25
11.125
11.25
11.3125
10.9375
10.875
10.125
10.5
10.75
10.5625
10.25
10.25
9.375
9.75
9.625
9.625
9.5
9.625
9.625
9.875
9.6875
9.5625
9.25
9
8.8125
8
8.25
8.875
8.0625
7.875
8.25
7.375
7.375
6.875
6.875
7.125
7.125
7
6.5625
6.25
6.75
7.125
6.75
6.3438
6.375
6.25
5.875
6.25
6.9375
6.6875
6.875
6.5
7.25
7.125
6.9375
6.6875
6.5
6.75
6.75
6.5
6.75
6.875
7.5
7.75
7.875
8
8
7.875
7.5
7.4375
7.6875
7.4375
7.5
7.125
7.25
6.75
6.8125
6.3125
6
6
6.0625
6.1875
6.4375
6.125
5.875
6.0625
6.5625
6.375
6.5
6.625
6.5625
6.875
6.9375
6.9375
7
6.625
6.4375
6.375
6.4375
6.5
6.4375
6.75
6.6875
6.5
6.5
6.5
6.75
6.5
6.3125
6.25
6.5625
6.6875
6.625
6.875
6.75
6.625
6.375
6
6.125
6.25
6.0625
5.8125
6.1875
6.75
6.5
6.375
6.375
6.4375
6.25
6.1875
6.1875
6.1875
6.375
6.4688
6.5625
6.5
6.1875
6.1875
6.375
6.1875
6.1875
6.3125
7.875
7.125
7.375
7.25
7.125
7.25
7.125
7.4375
7.375
6.4375
6.125
6.25
6.3125
6.4375
6.3125
6.3125
6.625
6.4375
6.125
6.125
5.875
5.75
5.625
5.75
5.8125
5.875
5.625
5.75
5.4375
5.5
5.4375
5.25
5.125
5.1875
5.5
5.5
5.4375
5.625
5.5
5.625
5.5625
5.4375
5.4375
5.1875
5.75
6.75
6.375
5.875
5.75
5.75
5.25
5.0469
4.9375
4.9375
5
4.75
4.6875
4.625
4.75
4.625
4.125
4
3.875
3.75
4
4
4
4
3.8125
4
4.125
4.5
4.25
4.625
4.4375
4.2969
4.25
3.9688
4
3.8438
3.6563
3.625
3.5
3.5
3.8125
3.625
3.375
3.75
3.625
3.25
3.5
3.5
3.5
3.5
3.3125
3.3125
3.0625
3.0625
3.25
3.125
3.375
3.3125
3
2.9063
2.9375
2.75
2.7188
2.8125
2.6875
2.6875
2.5625
2.4375
2.5
2.4375
2.2969
2.4375
2.3125
2.5625
3.0625
3
3
3.25
3.125
3.25
3.125
2.9375
3
3.1875
3.375
3.5
5.125
5.3125
5
5.375
5.125
4.7969
4.875
4.75
4.125
4.2969
4.1875
4.125
4.125
4.1875
4.1875
3.875
3.25
3.6875
3.25
3.125
3.125
2.8125
2.5625
2.5
2.4375
3.125
3.125
2.875
2.875
2.625
2.875
2.75
2.6875
2.8125
2.6875
3
3
3.1875
2.9375
2.875
2.8125
2.9375
3
3
3.1875
3.25
3.375
3.4375
3.25
3.5
3.625
3.8125
4
3.875
3.5625
3.5625
3.625
3.5625
3.2188
3.1406
3.5625
3.75
3.875
3.75
3.5
3.8438
3.625
3.6875
3.5625
3.5
3.4375
3.3125
3.375
3.5
3.25
3.6875
3.75
3.5
3.625
3.5625
3.5
3.5625
3.3281
3.5
3.3438
3.5
3.625
3.625
3.5625
3.5
3.625
3.5625
3.625
3.625
3.75
4
3.9375
4.375
5
4.75
4.8125
5.5
6
6.4375
6.3125
6.625
6.375
5.625
5.75
5.75
5.5
6
5.875
5.125
5.8125
6
6.0625
6.5
6
6.375
5.5
5.875
6
5.625
6
5.75
5.9375
5.875
6
5.75
5.875
5.375
5.5
5.75
5.5
5.875
5.125
5.25
5.5
5.75
5.9375
5.8125
5.5
5.5
5.5625
5.125
4.875
4.875
4.625
4.375
4.125
4.8125
4.625
4.625
4.625
4.25
4.25
4.125
4.25
4.25
4.25
4.25
4.25
4.25
4.25
4.0625
4.125
4.125
4
4.25
4.125
4.3125
4.625
4.75
4.5
4.5
4.625
4.625
4.5
4.5
4.4375
4.8125
5
5.125
5.4375
4.9375
5.25
5
5
4.875
5
4.5625
4.5625
4.625
5
5.3125
5.1875
4.75
4.6875
5.5
5.8125
6
5.5
5.125
5.625
5.875
5.75
6
6.3125
6.6875
6.25
6
6.25
6.5625
6.375
5.8125
6.375
6.625
6.125
6.125
6.0625
6
5.625
5.8125
5.75
5.6875
5.5625
5.6875
6.125
6.4375
6
6.125
6
6
5.625
5.625
5.875
5.875
5.75
5.9375
5.5
5.75
5.75
5.75
5.625
5.6875
5.75
5.5625
5.375
5.5
5.8125
5.5625
5.375
5.375
5.3125
5.5
5.875
6.375
6
6
5.875
5.375
5.375
5.3125
5.5
5.5
5.25
5.125
5
5.125
5.25
5
4.9375
4.6875
4.625
4.5625
4.625
4.625
4.25
5
5.25
4.75
5.25
5.375
5.875
6.125
6.875
7.5
7.375
7.9375
7.75
8.9375
8.4375
9.1875
8.625
9.75
10.0625
10
9.9375
9.75
10.3125
10.125
9.625
10
9.5
9.5625
9.625
9.9375
9.8125
9.9375
11.25
11.3125
12.125
12.4375
13
12.6875
12.9375
13.5625
13.1875
16
16.8125
23.875
24.25
22.0625
20
23.75
22.25
25.25
24.125
28.0625
29.375
26.625
27
26.5
25.4375
22.375
25
23.6875
21.5
18.6875
20.3125
20.25
20.625
17
16.875
19.8125
20.375
20.75
20
19.3125
17.625
16.8125
19.5
15.75
12.75
14.5625
18
18.1875
16.8125
15.25
13.75
14.0625
10.125
9.375
10.875
12.0625
13.375
13
13.4375
13.5
13.5
13.6875
15
14.9375
13.875
14
14
15.125
15
14.125
14.25
14.5
14.9375
14.5
14.9375
15.0625
14
13.875
13.5
12.25
11.875
11.75
12.5
10.125
11.875
12.6875
13.25
14.25
14.375
15
15.9375
15.875
15.6875
15.875
15.875
15.8125
23.8125
22.6875
23.25
24.5
23.625
24.1875
23
25.1875
25.25
28.8125
28
27.6875
30.0625
29.875
30.5
30.1875
33.8125
30.0625
30.4375
34.875
34.0625
32.0625
32.0625
33.375
32.75
34.6875
34.5625
34.1875
33.25
33.5625
35.6875
35.9375
41.25
42.75
43.75
45.3125
45.125
41.5
41.25
43.5
44.6875
40.5
41.25
41.125
40.5
40
40.125
44.8125
45.5625
46.5
45.875
47.5
50
48
48.375
45.25
46.875
48.625
46.0625
47.875
51.6875
55.4375
57.75
58.5
62.875
65.4375
63.8125
69
69.875
68.375
67.75
70.375
70
68.125
65.1875
62.5625
67.875
64.5
60.25
63.5
60.8125
57.875
59.6875
66.75
67.625
69
72.25
72.0625
74.6875
76.375
76.125
75
71.875
67.5
72
78.25
83.25
83.25
84.875
82
80.625
77.4375
73.75
63.25
65.125
67
66.5
66.8125
60.75
62.5625
58
61.8125
66.75
62.875
58.875
56.125
63.1875
58.875
67.75
65.5
66.9375
74
75.0625
71.625
68.25
63.3125
60.0625
69.25
68.375
66.125
70.375
75.3125
78.5
79
81
80.125
72.8125
68.5
62.5
63.6875
55.875
55.1875
58.6875
61.75
63.75
65.0625
60.625
61.875
59.625
60.125
65.0625
63.375
61.625
63.125
63.75
67.125
64.0625
62.3125
60.3125
58.375
58.5
58.9375
54.5625
54.625
51.5
49.75
48.0625
48.1875
47.875
46.6875
45.25
41.375
39.0625
43.25
42.5625
43.625
42.9375
41.875
40.25
40.5
38.8125
35
34.4375
32.8125
36
36.125
36.625
34.3125
35.875
34.875
33.5625
38.5
42.125
42.375
41.3125
41
40
39.625
35.875
33.5
33.9375
38.25
38.5
41
46
45.0625
48.9375
48
48
48.9844
48.3281
48.5938
44.5625
41.9531
44.8438
51.3438
51.0781
49.7031
46.9844
46.375
45.9844
45.4063
45.1563
45.2969
43.5469
40.2188
40.9063
40.8438
45.4063
46.4063
51.5938
51.0469
48.25
48.9063
48.1563
46.5938
44.9531
45.2188
48.2969
49.3125
56.6719
54.8906
55.2031
54.8281
52.2031
50.7969
51.7969
48.4063
50.3438
51.9063
51
54.9219
54.1406
53.0469
51.7969
52.2969
52
55
52.5938
51.9375
52.75
51.5625
49.375
49.125
47.4063
46.8281
44.5938
46
41.5938
41.9531
43.2031
43.0938
41.1563
39.8594
37.1094
40.25
41.75
43.8125
42.2656
43.3125
43.4375
42.9531
43.7969
42.875
41.4844
40.1875
39.25
39.2344
40.6406
41.1875
39.625
39.7344
38.75
37.7031
38.1563
39.3438
41.9531
43.9531
45.1875
43.3438
43.6563
42.0625
42.4063
40.2344
40
40.4063
38.0938
38.7344
34.2031
33.3438
33.6875
34.9375
33.9063
33.4531
33.2969
32.3906
32.8438
32.5
32.8125
32.75
35
35.375
34.7031
34.4063
34.5
37.0625
37.2969
37.4063
40.3125
39.9844
38.625
39
42.4063
41.7344
42.625
42.9844
42.5938
46.2031
43.375
44.8594
45.6875
44.7344
45.25
44.5
45.9844
47.4219
45.3438
44.5
46.1563
47.9531
48.6563
49
49.0156
48.9531
48.5313
49.2344
49.9844
49.9219
48.5625
45.4844
47.875
48.4844
46.2656
45.6875
46.5938
47.5938
47.6875
45.6875
43.5938
41.1875
42.0469
43.2031
44.3438
44.3594
42.6875
41.625
42
42.5
43.4375
44.1719
46.0469
45.7344
45.0156
44.7969
46.4844
47.6875
48.2969
47.7969
48.25
48.6875
47.1094
46.9531
45.2031
45.4063
44.5156
45.5469
45.9063
44.0625
42
40.5469
39.5625
39.3438
40.0938
40.0156
38.2656
38.9063
37.0156
35.9375
38.4531
38.0938
40.375
41.4063
39.9688
39.9531
38.9688
39.125
38.6719
38.1094
38.2969
39.4844
39.4531
38.0469
39.125
40.625
39.6563
43.5625
42.3594
42.4531
41.4531
40.3594
41.375
40.75
40.7969
41.7969
41.75
40.5469
41.0469
40.75
40.0938
39.1563
38.75
39.1563
38.5469
38.1094
37
35.7344
35.3438
35.9531
34.7656
36.7188
35.8594
35.0469
35.4063
36.7656
36.7969
38.2344
36.25
35.125
33.7344
31.4688
30.4688
29.75
29.6563
31.9688
31.0781
29.7969
30.5938
28.75
27.75
30.2344
29.4219
27.6563
28.375
30.4531
30.9531
30.6563
31.75
30.5313
29.9063
29.875
33.25
31.7344
31.8438
31.3438
31.1563
30.3906
28.375
27.4063
26.5313
25.5469
23.7969
23.75
21.7969
21.5469
21.8906
23.1875
24.7031
24.7813
24.2031
23.2656
22.5938
22.5469
21.4531
22
23.3125
24.0156
22.125
21.1563
21.2969
22.5625
22.8594
22.1563
19.7969
21.1875
22.3438
22.4531
24.0469
25
23.5156
23.7188
23.6406
22.9063
24.875
26.125
26.7969
28.4063
31.0781
29.9531
29.6406
29.0156
26.7188
27.7188
29.3438
31.2031
32.5781
31.8594
30.75
32.7031
33.5156
32.7969
14.0469
15.9844
17.1406
17.5
16.3125
16.7031
16.1563
15.9844
16.4219
15.6875
14.2031
15.4063
14.4063
14.9688
15.4531
15.1875
15.3906
14.8594
15.5156
15.875
15.5313
15.4844
15.0938
14.7969
13.0938
16.7344
19.0938
17.4375
17.2969
16.9688
16.9063
16.5
16.2344
15.8438
15.7969
15.5469
15.4844
15.8125
14.7344
15.4063
14.3125
15.375
15.9375
15.9844
16.2031
15.9375
16.0938
15.7344
16.4844
16.9063
16.9063
17.4219
17.3125
16.2969
16.8594
16.8438
18.6563
19.3438
18.4688
17.9063
18
17.7969
18.375
18.4219
18.5156
18.9844
21.25
22.0156
22.7031
22.25
20.625
21.4531
21.5938
21.625
21.2031
20.7969
20.2031
20.3281
19.2969
18.2656
18.4688
18.5156
18.1094
18.5
18.5938
18
18.0469
18.0938
18.0938
17.8906
17.1875
16.6563
16.1875
16.4063
16.9219
16.6875
17.0781
16.5938
16.375
16.6406
16.6563
16.8438
16.8125
16.5625
16.7969
16.6719
16.2031
16.1563
15.9844
15.5469
15
15.125
15.3281
14.9844
15.2188
14.7969
14.7656
14.4063
13.9844
14.1875
13.7969
13.8281
13.8906
13.875
13.7969
14.1875
14.2188
14
14.5469
14.2188
14.25
14.0938
14.4531
14.7813
14.25
14.3125
14.1719
13.9063
13.8438
13.2656
13.2969
13.2188
14.3281
13.6094
14.7656
15.2969
15.0156
15.5781
15.7188
15.3125
15.1875
15.2969
15.6875
16.4219
16
15.4531
16.4844
16.4688
16.1875
16.1719
16.3125
15.8906
14.375
15.2969
16.8906
17.3125
17.5
17.4844
18.1875
19.1563
19.2813
19.9688
19.2344
19.6406
19.7656
21.125
21.2969
21.1875
20.7188
20.8125
20.3125
20.2031
20.2344
21.1563
21.1875
23.6563
25.4063
23.9688
23.7031
23.375
23.8438
24.9063
26.0781
28.1563
25.7969
25.6875
26.3594
28.25
28.5625
31.2344
35.625
35.0625
33.1406
33.2344
35.7344
35.0625
34.5156
34.4063
34.5625
34
31.1563
30.9063
29.875
30
30.7344
33.1875
32.7031
32.2031
32.4844
32.9844
32.75
33.5
34.1406
33.1719
33.0313
33.5
34.0156
33.5938
33.1094
31.4063
32.4844
33.3438
32.4531
32.6719
31.5156
31.3906
32.5625
32.25
32.3281
33.6094
32.7031
31.2188
30.0938
30.8594
29.9063
29.8438
30.625
32.9063
31.9531
33.1875
33.0313
34.5938
34.9531
34.8906
36.125
36.2031
35.8594
36.0625
36.875
38.1094
38.0156
37.8906
36.0313
35.7656
35.8594
37.1563
36.7344
35.7344
36.4531
36.6563
36.1875
36.4063
35.7656
35.2969
35.4375
35.625
35.5625
33.0156
33.2031
31.7188
33.1563
32.6563
32.1563
31.875
31.6094
32.1406
32.6875
31.3438
31.4063
31.1094
29.9063
30.0156
29.1094
27.6563
26.8281
25.5781
27.4844
26.1875
26.1094
26.1094
25.9063
26.6719
27.125
27.2031
28
27.3594
27.0781
26.5469
27.5781
27.2031
26.3438
25.2031
26.2188
26.9063
25.4375
24.5625
25.0625
25.25
26.7344
26.5938
28.9531
28.2969
28.6563
29.7656
31.1875
30.8125
30.8438
31.1875
30.5313
29.7344
29.4375
29.5781
30.2656
30.8125
29.8125
29.9063
29.75
30
30
30.5781
31.4844
31.2031
31.5313
32.9531
32.6094
32.25
32.625
32.3906
32.625
34.0625
34.0469
33.4219
32.8906
32.0469
31.8438
32.25
32.4375
32.8125
36.2031
35.4531
36.1875
36.5
35.8594
35.5469
35.7031
34.7656
35.0469
34.9375
33.75
33.0938
33.4219
33.875
35.2031
35.0938
34.8281
33.6406
33.3594
33.0313
32.0938
31.3906
29.8125
30.2344
30.5938
31.5313
32.7344
33.6563
35.4063
37.7344
39.4844
40.0313
37.875
37.4844
35.7656
36.1875
37.5156
36.8438
38.0469
38.6094
38.8438
38.8125
37.9688
37.7344
37.4219
38.1875
37.6563
37.9844
37.7656
38.4063
36.0938
37.4375
38.3125
37.0938
36.7656
36.2969
36.0156
34.4375
34.6875
34.4688
36.2031
39.7969
38.2031
38.2031
38.4531
38.1406
91.0938
84.25
76.5469
73.8281
73.7969
70.9219
69.7969
76.2969
77.2031
74.3125
71.9531
74
77.8906
78.3125
79.0938
80.3438
79.3438
76.7969
78.2813
79.0625
79.5313
82.2344
84.125
82.3906
82.4063
82.875
80.8906
77
78.5313
75.2031
70.4219
68.7031
67.5156
68.8438
66.7188
68.8125
67.625
65.625
64.6406
66.25
68.2031
68.625
69.8906
67.875
69.2031
70.4375
69.2031
69.2344
68.3438
68.2344
65.7813
67.2031
66.3438
66.7188
66.2031
65.1875
60.0625
59.8438
59.3906
54.9531
55.9531
57.1406
54.2969
57.4688
59.1563
59.0313
60.0938
58.375
57.7969
55.4531
54.5313
52.3125
52.7031
53.3125
56.1406
55.5625
53.7031
55.4844
56.1563
58.4844
59.2031
60.2969
58.75
59.1875
60.2344
59.2969
60.4063
58.1875
59.5938
60.2344
61.4063
61.5313
61.7813
60.5469
60.4375
60.4375
62.3438
63.2969
62.25
62.1719
62.5938
68.2031
69.2969
67.0156
66.6406
63.7031
62.125
62.0156
60.6875
61.4531
63.4531
63.4531
63.1406
63.625
62
61.7656
62.9531
62.9844
63.25
63.6563
64.1563
66.0938
64.0781
63.5938
63.4688
62.9063
61.3438
62.6719
64.0469
64.5938
64.9844
63.9688
63.8438
64.3438
65.0469
66.5
65.5781
65.7031
65.5
65.5938
65.3125
65.6563
64.6719
65.4531
64.25
58.1563
54.2188
52.375
49.4063
50.4844
47.9531
47.5781
47.7344
47.0625
47
46.5469
45.875
45.7188
45.2813
46.9688
48.7344
49.1875
48.4531
47.0938
68.375
69.4063
72.9531
72.2031
73.4375
72.1875
73.5469
73.5469
74.0625
74.8438
72.2969
70.9844
69.5625
70.2031
69.8438
70
69.0938
69.0625
68.3281
68.1406
68.4531
67.4063
66.8125
66.3125
64.3594
64
65.6875
65.0938
63.5625
65.0938
64.8281
64.4063
63.4063
63.2656
62.7344
61.4844
58.7969
57.0938
57.0625
57.0938
57.7031
57.8438
57.6563
57.5938
56.3438
56.1563
55.875
56.5156
54.625
53.8438
52.75
52.125
50.875
49.8438
48.2969
48.5469
48.0469
48.125
51.7344
46.2969
45.5938
45.8125
45.625
45.625
45.2344
46.25
45.375
42.9844
41.3125
42.0156
41.3438
40.8125
39.8125
42.8438
44.2031
45.1563
45.2969
46.0938
48.0625
48.2969
48.7344
47.9063
48.1719
48.1563
47.625
47.8906
47.6406
47.2031
48.125
49.0469
47.2969
47.3438
46.9375
46.4375
47.2344
47.2344
47.8281
47.6719
47.4063
46.7188
47.2344
45.25
43.4531
40.7656
42.0781
41.7188
41.5313
41.125
40.3281
39.6563
39.6094
38.8906
37.2031
37.0625
37.3281
36.9063
36.2656
34.9063
35.7656
37.0469
38.3906
38.0469
37.4375
38.0156
40.9375
43
43.5156
43.2188
42.6875
41.2031
42.375
41.375
42.2656
41.1094
40.875
39.5313
40.4063
41.1094
41.4375
44.5
44.4531
45.5469
45.25
46
46.1875
45.5156
45.4531
46.7969
46.9219
45.6719
44.6406
45.0156
43.9844
42.9531
41.2969
41.7656
41.5781
40.9375
40.3281
39.2813
37.75
38.0156
39.3906
40
39.1875
39.8906
39.4844
39.0625
39.375
40.7656
31.9219
32.8281
32.3281
32.6563
33.5625
33.875
32.7344
32.75
32.9844
32.5469
32.4219
33.375
32.5469
32.2969
30.7344
32.1563
31.125
31.4688
31.2344
30.4844
29.9063
28.8125
28.2969
29.3438
29.5
29.0156
30.0938
29.75
29.2344
28.7031
28.4375
29.3125
28.0469
26.9063
26.7969
25.1875
24.2344
25.0469
25.5
25.6875
23.5625
23.2969
21.9844
22.6875
23.375
23.875
23.5938
22.5
22.5625
23.2969
22.2813
23.7344
24.7188
25.6406
25.5469
25.2969
26.2031
27.3438
26.2656
25.375
24.9063
24.7188
24.1875
23.7188
24.5156
24.875
24.9531
25.0469
24.4063
24.0156
24.25
23.8281
23.2969
23.7344
23.3594
23.25
23.2344
23.125
23.125
23.7344
24.2188
23.5469
23.9375
24.4375
24.0938
24.5469
26.875
27.4063
27.3906
26.6563
27.0156
28.0469
27.7813
27.875
27.7813
27.7031
29.0938
28.9531
28.0156
27
27.0625
27.4844
28.7813
29.375
28.7969
28.0938
27.7344
27.3125
26.9688
28
27.8125
28.1563
28.4531
28.0625
28.375
28.5781
28.9844
29.4219
30.5938
30.75
31.4844
30.8125
31.4844
31.2969
30.5469
29.875
30.5938
31.2656
32.125
32.625
32.4844
31.8281
31.7188
30.5625
31.9844
31.5781
31.4375
31.9688
33.1406
32.1875
32.4063
32.0781
31.4375
31.9844
32.25
30.9844
31.4063
31.4375
30.9219
31.4063
30.4063
31.125
32.1563
32.0938
31.375
31.0625
31.7344
31.125
30.0156
29.0469
28.6094
27.1094
26.7969
26.2813
26.4844
26.5
26.2656
26.3906
26.2031
25.7813
26.5
26.8906
26.5625
26.2031
25.8438
26.375
27.0938
27.2656
27.375
26.9063
27.4844
27.0625
27.3438
28.1094
28.5156
27.7031
27.2031
26.9375
26.9531
26.9063
27.2031
27.7344
28.5625
28.5156
28.625
29.6094
30.0781
30.6406
30.9531
30.7344
30.0313
29.9688
29.7656
29.7656
30.3906
31.7031
31.5156
31.0156
31.0938
31.8125
31.5938
31.7656
31.875
32.8438
32.5625
33.4844
32.9531
